101 0.0158104
101.125 0.0159696
101.25 0.0161312
101.375 0.0162953
101.5 0.0164619
101.625 0.0166311
101.75 0.0168028
101.875 0.0169773
102 0.0171545
102.125 0.0173344
102.25 0.0175172
102.375 0.017703
102.5 0.0178916
102.625 0.0180834
102.75 0.0182782
102.875 0.0184761
103 0.0186773
103.125 0.0188818
103.25 0.0190897
103.375 0.019301
103.5 0.0195159
103.625 0.0197344
103.75 0.0199565
103.875 0.0201824
104 0.0204122
104.125 0.0206459
104.25 0.0208837
104.375 0.0211255
104.5 0.0213716
104.625 0.0216221
104.75 0.0218769
104.875 0.0221363
105 0.0224003
105.125 0.0226691
105.25 0.0229427
105.375 0.0232213
105.5 0.023505
105.625 0.0237939
105.75 0.0240882
105.875 0.024388
106 0.0246934
106.125 0.0250045
106.25 0.0253216
106.375 0.0256447
106.5 0.0259741
106.625 0.0263098
106.75 0.0266521
106.875 0.0270011
107 0.027357
107.125 0.02772
107.25 0.0280902
107.375 0.0284679
107.5 0.0288533
107.625 0.0292465
107.75 0.0296478
107.875 0.0300574
108 0.0304756
108.125 0.0309025
108.25 0.0313385
108.375 0.0317837
108.5 0.0322385
108.625 0.0327031
108.75 0.0331778
108.875 0.0336629
109 0.0341587
109.125 0.0346656
109.25 0.0351837
109.375 0.0357136
109.5 0.0362555
109.625 0.0368098
109.75 0.037377
109.875 0.0379573
110 0.0385512
110.125 0.0391591
110.25 0.0397815
110.375 0.0404189
110.5 0.0410716
110.625 0.0417403
110.75 0.0424254
110.875 0.0431275
111 0.0438472
111.125 0.044585
111.25 0.0453415
111.375 0.0461174
111.5 0.0469133
111.625 0.0477301
111.75 0.0485682
111.875 0.0494287
112 0.0503121
112.125 0.0512194
112.25 0.0521514
112.375 0.0531091
112.5 0.0540933
112.625 0.055105
112.75 0.0561454
112.875 0.0572154
113 0.0583163
113.125 0.0594492
113.25 0.0606153
113.375 0.061816
113.5 0.0630526
113.625 0.0643266
113.75 0.0656396
113.875 0.066993
114 0.0683887
114.125 0.0698283
114.25 0.0713137
114.375 0.0728469
114.5 0.0744299
114.625 0.076065
114.75 0.0777543
114.875 0.0795005
115 0.0813059
115.125 0.0831733
115.25 0.0851056
115.375 0.0871058
115.5 0.0891771
115.625 0.091323
115.75 0.0935469
115.875 0.0958528
116 0.0982447
116.125 0.100727
116.25 0.103304
116.375 0.105981
116.5 0.108763
116.625 0.111655
116.75 0.114664
116.875 0.117796
117 0.121057
117.125 0.124454
117.25 0.127997
117.375 0.131691
117.5 0.135548
117.625 0.139575
117.75 0.143783
117.875 0.148184
118 0.152788
118.125 0.157609
118.25 0.162661
118.375 0.167958
118.5 0.173516
118.625 0.179353
118.75 0.185487
118.875 0.191939
119 0.198731
119.125 0.205887
119.25 0.213434
119.375 0.221399
119.5 0.229815
119.625 0.238716
119.75 0.248139
119.875 0.258125
120 0.26872
120.125 0.279974
120.25 0.291942
120.375 0.304685
120.5 0.31827
120.625 0.332772
120.75 0.348275
120.875 0.364871
121 0.382664
121.125 0.40177
121.25 0.42232
121.375 0.444458
121.5 0.468351
121.625 0.494185
121.75 0.522172
121.875 0.55255
122 0.585595
122.125 0.621618
122.25 0.660979
122.375 0.704089
122.5 0.751424
122.625 0.803535
122.75 0.861059
122.875 0.924741
123 0.99545
123.125 1.0742
123.25 1.1622
123.375 1.26085
123.5 1.37182
123.625 1.49708
123.75 1.63897
123.875 1.80027
124 1.98423
124.125 2.19473
124.25 2.43627
124.375 2.71404
124.5 3.03389
124.625 3.40218
124.75 3.82537
124.875 4.30923
125 4.8574
125.125 5.46906
125.25 6.13549
125.375 6.83575
125.5 7.53255
125.625 8.1707
125.75 8.68176
125.875 8.99738
126 9.0689
126.125 8.88459
126.25 8.47415
126.375 7.89756
126.5 7.22539
126.625 6.52127
126.75 5.83254
126.875 5.18878
127 4.60492
127.125 4.08566
127.25 3.62947
127.375 3.23154
127.5 2.88566
127.625 2.58534
127.75 2.32441
127.875 2.09731
128 1.89916
128.125 1.72575
128.25 1.57348
128.375 1.43932
128.5 1.32069
128.625 1.21544
128.75 1.12173
128.875 1.03802
129 0.962989
129.125 0.89553
129.25 0.834693
129.375 0.779668
129.5 0.729761
129.625 0.684373
129.75 0.642989
129.875 0.605164
130 0.570511
130.125 0.538691
130.25 0.509411
130.375 0.482412
130.5 0.457468
130.625 0.434379
130.75 0.412969
130.875 0.39308
131 0.374575
131.125 0.357329
131.25 0.341232
131.375 0.326187
131.5 0.312103
131.625 0.298902
131.75 0.286513
131.875 0.274871
132 0.263917
132.125 0.253599
132.25 0.243869
132.375 0.234684
132.5 0.226004
132.625 0.217793
132.75 0.210018
132.875 0.202649
133 0.195659
133.125 0.189021
133.25 0.182713
133.375 0.176714
133.5 0.171004
133.625 0.165564
133.75 0.160379
133.875 0.155432
134 0.150709
134.125 0.146197
134.25 0.141883
134.375 0.137757
134.5 0.133807
134.625 0.130024
134.75 0.126399
134.875 0.122922
135 0.119586
135.125 0.116384
135.25 0.113308
135.375 0.110351
135.5 0.107509
135.625 0.104775
135.75 0.102143
135.875 0.0996086
136 0.0971672
136.125 0.0948142
136.25 0.0925453
136.375 0.0903566
136.5 0.0882445
136.625 0.0862053
136.75 0.0842357
136.875 0.0823327
137 0.0804933
137.125 0.0787146
137.25 0.0769941
137.375 0.0753293
137.5 0.0737177
137.625 0.0721572
137.75 0.0706455
137.875 0.0691808
138 0.067761
138.125 0.0663844
138.25 0.0650492
138.375 0.0637538
138.5 0.0624966
138.625 0.0612762
138.75 0.0600911
138.875 0.0589399
139 0.0578215
139.125 0.0567345
139.25 0.0556779
139.375 0.0546504
139.5 0.053651
139.625 0.0526788
139.75 0.0517327
139.875 0.0508118
140 0.0499153
140.125 0.0490422
140.25 0.0481918
140.375 0.0473632
140.5 0.0465559
140.625 0.0457689
140.75 0.0450018
140.875 0.0442537
141 0.0435241
141.125 0.0428123
141.25 0.0421179
141.375 0.0414401
141.5 0.0407786
141.625 0.0401328
141.75 0.0395022
141.875 0.0388863
142 0.0382846
142.125 0.0376968
142.25 0.0371225
142.375 0.0365611
142.5 0.0360124
142.625 0.0354759
142.75 0.0349512
142.875 0.0344382
143 0.0339363
143.125 0.0334453
143.25 0.0329649
143.375 0.0324947
143.5 0.0320345
143.625 0.031584
143.75 0.0311429
143.875 0.030711
144 0.0302881
144.125 0.0298737
144.25 0.0294678
144.375 0.0290702
144.5 0.0286805
144.625 0.0282986
144.75 0.0279242
144.875 0.0275572
145 0.0271975
145.125 0.0268447
145.25 0.0264987
145.375 0.0261593
145.5 0.0258264
145.625 0.0254999
145.75 0.0251795
145.875 0.024865
146 0.0245565
146.125 0.0242536
146.25 0.0239563
146.375 0.0236644
146.5 0.0233778
146.625 0.0230964
146.75 0.02282
146.875 0.0225486
147 0.022282
147.125 0.0220201
147.25 0.0217627
147.375 0.0215099
147.5 0.0212614
147.625 0.0210172
147.75 0.0207771
147.875 0.0205412
148 0.0203093
148.125 0.0200812
148.25 0.019857
148.375 0.0196365
148.5 0.0194197
148.625 0.0192064
148.75 0.0189966
148.875 0.0187902
149 0.0185872
149.125 0.0183875
149.25 0.0181909
149.375 0.0179975
149.5 0.0178071
149.625 0.0176198
149.75 0.0174354
149.875 0.0172538
150 0.0170751
150.125 0.0168992
150.25 0.0167259
150.375 0.0165553
150.5 0.0163873
150.625 0.0162218
150.75 0.0160589
150.875 0.0158983
151 0.0157402
151.125 0.0155844
151.25 0.0154309
151.375 0.0152797
151.5 0.0151307
151.625 0.0149838
151.75 0.0148391
151.875 0.0146964
152 0.0145559
152.125 0.0144173
152.25 0.0142806
152.375 0.014146
152.5 0.0140132
152.625 0.0138822
152.75 0.0137531
152.875 0.0136258
153 0.0135003
153.125 0.0133764
153.25 0.0132543
153.375 0.0131338
153.5 0.013015
153.625 0.0128978
153.75 0.0127821
153.875 0.012668
154 0.0125554
154.125 0.0124443
154.25 0.0123347
154.375 0.0122265
154.5 0.0121197
154.625 0.0120144
154.75 0.0119103
154.875 0.0118077
155 0.0117063
155.125 0.0116063
155.25 0.0115075
155.375 0.01141
155.5 0.0113137
155.625 0.0112187
155.75 0.0111248
155.875 0.0110321
156 0.0109405
156.125 0.0108501
156.25 0.0107608
156.375 0.0106726
156.5 0.0105855
156.625 0.0104995
156.75 0.0104144
156.875 0.0103305
157 0.0102475
157.125 0.0101655
157.25 0.0100845
157.375 0.0100045
157.5 0.00992539
157.625 0.00984724
157.75 0.00977
157.875 0.00969367
158 0.00961824
158.125 0.00954367
158.25 0.00946998
158.375 0.00939713
158.5 0.00932512
158.625 0.00925393
158.75 0.00918356
158.875 0.00911398
159 0.00904519
