-1 0.353227 
-0.894737 0.309802 
-0.789474 0.124837 
-0.684211 -0.179854 
-0.578947 -0.521775 
-0.473684 -0.778547 
-0.368421 -0.834212 
-0.263158 -0.632605 
-0.157895 -0.211597 
-0.0526316 0.301971 
0.0526316 0.738546 
0.157895 0.953842 
0.263158 0.886951 
0.368421 0.581375 
0.473684 0.160599 
0.578947 -0.227654 
0.684211 -0.47053 
0.789474 -0.526107 
0.894737 -0.424543 
1 -0.240462 

 
-1 0.351473 
-0.984375 0.354771 
-0.96875 0.355008 
-0.953125 0.352091 
-0.9375 0.34594 
-0.921875 0.336498 
-0.90625 0.323726 
-0.890625 0.307606 
-0.875 0.288142 
-0.859375 0.265362 
-0.84375 0.239321 
-0.828125 0.210097 
-0.8125 0.177795 
-0.796875 0.142548 
-0.78125 0.104516 
-0.765625 0.063887 
-0.75 0.0208748 
-0.734375 -0.0242782 
-0.71875 -0.0713041 
-0.703125 -0.119909 
-0.6875 -0.169776 
-0.671875 -0.220565 
-0.65625 -0.271916 
-0.640625 -0.323449 
-0.625 -0.374772 
-0.609375 -0.425477 
-0.59375 -0.475148 
-0.578125 -0.523361 
-0.5625 -0.569691 
-0.546875 -0.613714 
-0.53125 -0.65501 
-0.515625 -0.693171 
-0.5 -0.727798 
-0.484375 -0.758515 
-0.46875 -0.784963 
-0.453125 -0.806813 
-0.4375 -0.823764 
-0.421875 -0.835549 
-0.40625 -0.841939 
-0.390625 -0.842747 
-0.375 -0.837827 
-0.359375 -0.827082 
-0.34375 -0.810463 
-0.328125 -0.78797 
-0.3125 -0.759655 
-0.296875 -0.725624 
-0.28125 -0.686031 
-0.265625 -0.641085 
-0.25 -0.591044 
-0.234375 -0.536216 
-0.21875 -0.476953 
-0.203125 -0.413654 
-0.1875 -0.346756 
-0.171875 -0.276735 
-0.15625 -0.204096 
-0.140625 -0.129374 
-0.125 -0.0531286 
-0.109375 0.0240669 
-0.09375 0.101625 
-0.078125 0.178952 
-0.0625 0.255454 
-0.046875 0.330541 
-0.03125 0.403637 
-0.015625 0.474178 
0 0.541626 
0.015625 0.605467 
0.03125 0.66522 
0.046875 0.720441 
0.0625 0.770724 
0.078125 0.815709 
0.09375 0.855083 
0.109375 0.888582 
0.125 0.915994 
0.140625 0.937159 
0.15625 0.951972 
0.171875 0.960383 
0.1875 0.962396 
0.203125 0.958068 
0.21875 0.947508 
0.234375 0.930876 
0.25 0.908382 
0.265625 0.880279 
0.28125 0.846863 
0.296875 0.808471 
0.3125 0.765475 
0.328125 0.718277 
0.34375 0.667309 
0.359375 0.613024 
0.375 0.555894 
0.390625 0.496407 
0.40625 0.435058 
0.421875 0.372348 
0.4375 0.308778 
0.453125 0.244847 
0.46875 0.181043 
0.484375 0.117843 
0.5 0.0557069 
0.515625 -0.00492429 
0.53125 -0.0636339 
0.546875 -0.120032 
0.5625 -0.173758 
0.578125 -0.224482 
0.59375 -0.271912 
0.609375 -0.315787 
0.625 -0.355889 
0.640625 -0.392033 
0.65625 -0.424078 
0.671875 -0.451921 
0.6875 -0.475497 
0.703125 -0.494781 
0.71875 -0.509789 
0.734375 -0.52057 
0.75 -0.527211 
0.765625 -0.529833 
0.78125 -0.528587 
0.796875 -0.523655 
0.8125 -0.515244 
0.828125 -0.503586 
0.84375 -0.488934 
0.859375 -0.471556 
0.875 -0.451738 
0.890625 -0.429774 
0.90625 -0.405966 
0.921875 -0.380621 
0.9375 -0.354045 
0.953125 -0.326543 
0.96875 -0.298414 
0.984375 -0.269948 
1 -0.241425 
