# index 0: x, y1, y2, y3
         1          1          1          1
         2          1          2          4
         3          1          3          9
         4          1          4         16
         5          1          5         25


# index 1: z, qspline(y1), qspline(y2), qspline(y3)
         2          1          2          4
     2.125          1      2.125    4.51562
      2.25          1       2.25     5.0625
     2.375          1      2.375    5.64062
       2.5          1        2.5       6.25
     2.625          1      2.625    6.89062
      2.75          1       2.75     7.5625
     2.875          1      2.875    8.26562
         3          1          3          9
     3.125          1      3.125    9.76562
      3.25          1       3.25    10.5625
     3.375          1      3.375    11.3906
       3.5          1        3.5      12.25
     3.625          1      3.625    13.1406
      3.75          1       3.75    14.0625
     3.875          1      3.875    15.0156
         4          1          4         16
     4.125          1      4.125    17.0156
      4.25          1       4.25    18.0625
     4.375          1      4.375    19.1406
       4.5          1        4.5      20.25


# index 2: x, y1_diff, y2_diff, y3_diff
         1          0          1          2
         2          0          1          4
         3          0          1          6
         4          0          1          8
         5          0          1         10


# index 3: z, qspline_diff(y1), qspline_diff(y2), qspline_diff(y3)
         2          0          1          4
     2.125          0          1       4.25
      2.25          0          1        4.5
     2.375          0          1       4.75
       2.5          0          1          5
     2.625          0          1       5.25
      2.75          0          1        5.5
     2.875          0          1       5.75
         3          0          1          6
     3.125          0          1       6.25
      3.25          0          1        6.5
     3.375          0          1       6.75
       3.5          0          1          7
     3.625          0          1       7.25
      3.75          0          1        7.5
     3.875          0          1       7.75
         4          0          1          8
     4.125          0          1       8.25
      4.25          0          1        8.5
     4.375          0          1       8.75
       4.5          0          1          9


# index 4: x, integ(y1), integ(y2), integ(y3)
         1          0          0          0
         2          1        1.5    2.33333
         3          2          4    8.66667
         4          3        7.5         21
         5          4         12    41.3333


# index 5: z, qspline_integ(y1), qspline_integ(y2), qspline_integ(y3)
         2          1        1.5    2.33333
     2.125      1.125    1.75781    2.86523
      2.25       1.25    2.03125    3.46354
     2.375      1.375    2.32031    4.13216
       2.5        1.5      2.625      4.875
     2.625      1.625    2.94531    5.69596
      2.75       1.75    3.28125    6.59896
     2.875      1.875    3.63281    7.58789
         3          2          4    8.66667
     3.125      2.125    4.38281    9.83919
      3.25       2.25    4.78125    11.1094
     3.375      2.375    5.19531    12.4811
       3.5        2.5      5.625    13.9583
     3.625      2.625    6.07031    15.5449
      3.75       2.75    6.53125    17.2448
     3.875      2.875    7.00781    19.0618
         4          3        7.5         21
     4.125      3.125    8.00781    23.0632
      4.25       3.25    8.53125    25.2552
     4.375      3.375    9.07031    27.5801
       4.5        3.5      9.625    30.0417


# index 5: b1, b2, b3
         0          1          2
         0          1          4
         0          1          6
         0          1          8
c1: c2: c3:
         0          0          1
         0          0          1
         0          0          1
         0          0          1


