         1          3        1.5          3        1.5
     1.125      3.375    1.89844      3.375    1.89844
      1.25       3.75    2.34375       3.75    2.34375
     1.375      4.125    2.83594      4.125    2.83594
       1.5        4.5      3.375        4.5      3.375
     1.625      4.875    3.96094      4.875    3.96094
      1.75       5.25    4.59375       5.25    4.59375
     1.875      5.625    5.27344      5.625    5.27344
         2          6          6          6          6
     2.125      6.375    6.77344      6.375    6.77344
      2.25       6.75    7.59375       6.75    7.59375
     2.375      7.125    8.46094      7.125    8.46094
       2.5        7.5      9.375        7.5      9.375
     2.625      7.875    10.3359      7.875    10.3359
      2.75       8.25    11.3438       8.25    11.3438
     2.875      8.625    12.3984      8.625    12.3984
         3          9       13.5          9       13.5
     3.125      9.375    14.6484      9.375    14.6484
      3.25       9.75    15.8438       9.75    15.8438
     3.375     10.125    17.0859     10.125    17.0859
       3.5       10.5     18.375       10.5     18.375
     3.625     10.875    19.7109     10.875    19.7109
      3.75      11.25    21.0938      11.25    21.0938
     3.875     11.625    22.5234     11.625    22.5234
         4         12         24         12         24
     4.125     12.375    25.5234     12.375    25.5234
      4.25      12.75    27.0938      12.75    27.0938
     4.375     13.125    28.7109     13.125    28.7109
       4.5       13.5     30.375       13.5     30.375
     4.625     13.875    32.0859     13.875    32.0859
      4.75      14.25    33.8438      14.25    33.8438
     4.875     14.625    35.6484     14.625    35.6484
         5         15       37.5         15       37.5
     5.125     15.375    39.3984     15.375    39.3984
      5.25      15.75    41.3438      15.75    41.3438
     5.375     16.125    43.3359     16.125    43.3359
       5.5       16.5     45.375       16.5     45.375
     5.625     16.875    47.4609     16.875    47.4609
      5.75      17.25    49.5938      17.25    49.5938
     5.875     17.625    51.7734     17.625    51.7734
         6         18         54         18         54
     6.125     18.375    56.2734     18.375    56.2734
      6.25      18.75    58.5938      18.75    58.5938
     6.375     19.125    60.9609     19.125    60.9609
       6.5       19.5     63.375       19.5     63.375
     6.625     19.875    65.8359     19.875    65.8359
      6.75      20.25    68.3438      20.25    68.3438
     6.875     20.625    70.8984     20.625    70.8984
         7         21       73.5         21       73.5
     7.125     21.375    76.1484     21.375    76.1484
      7.25      21.75    78.8438      21.75    78.8438
     7.375     22.125    81.5859     22.125    81.5859
       7.5       22.5     84.375       22.5     84.375
     7.625     22.875    87.2109     22.875    87.2109
      7.75      23.25    90.0938      23.25    90.0938
     7.875     23.625    93.0234     23.625    93.0234
