1000 0.00717251 0.00282749
2250 0.0108392 0.000716377
3500 0.00874394 0.00154177
4750 0.0109094 0.000172512
6000 0.00850585 0.000339179
7250 0.00637941 0.00010335
8500 0.00405487 0.000180429
9750 0.00130072 0.000172512
11000 0.00153615 0.000354331
12250 0.0011521 0.000580676
13500 0.000172512 0.000542883
14750 0.000647089 0.000240309
16000 0.00238999 0.000547512
17250 0.00197242 5.65703e-05
18500 0.00171938 6.44042e-05
19750 0.00144774 7.12465e-05
21000 0.000684631 1.79638e-05
22250 0.000906139 0.000231982
23500 0.000338126 0.00025302
24750 0.000293724 1.08962e-05
26000 0.000749435 1.97953e-05
27250 0.00101655 1.09739e-05
28500 0.00101462 0.000108189
29750 0.00044142 6.27818e-05
31000 0.000591867 8.55522e-05
32250 0.000544605 7.55497e-05
33500 0.000411318 6.59213e-06
34750 0.000632944 2.86275e-05
36000 0.0010614 3.36235e-05
37250 0.000709425 4.22527e-05
38500 0.00147121 1.66682e-05
39750 0.00132975 0.000129374
41000 0.00187983 9.57803e-05
42250 0.00137961 1.68368e-05
43500 0.00102309 0.00010335
44750 0.000842903 5.09513e-05
46000 0.000520338 2.31398e-05
47250 0.000130184 8.78563e-05
48500 0.000234368 7.5639e-06
49750 8.39217e-06 5.19093e-05
51000 0.000298076 0.000101997
52250 0.000861508 7.62915e-05
53500 0.000976251 7.04783e-05
54750 0.00130493 1.0136e-05
56000 0.000976084 9.53448e-05
57250 0.00102841 7.20291e-05
58500 0.00124944 1.86662e-05
59750 0.00134406 5.14834e-06
61000 0.0014512 2.4209e-05
62250 0.0011203 0.00010058
63500 0.00083393 0.00020544
64750 0.000728497 0.000120924
66000 0.000657361 3.96089e-05
67250 0.000901137 6.54059e-05
68500 0.000844045 0.000119458
69750 0.000659968 2.82045e-05
71000 0.000623217 0.000123262
72250 0.000933758 7.41844e-06
73500 0.00100244 7.23856e-05
74750 0.000814653 3.87331e-05
76000 0.00135672 5.40913e-05
77250 0.0013764 4.22756e-06
78500 0.00126805 4.51238e-05
79750 0.00111295 1.55754e-05
81000 0.00103671 3.27154e-07
82250 0.00093847 2.20165e-05
83500 0.000891075 1.68237e-05
84750 0.000597291 8.70747e-05
86000 0.000277164 2.51621e-05
87250 0.00024128 9.1098e-05
88500 3.69191e-05 4.21769e-05
89750 0.000106039 2.80448e-05
91000 0.000212103 2.52898e-05
92250 0.000174371 1.17695e-05
93500 0.000129732 7.3477e-05
94750 7.75255e-05 3.85694e-05
96000 3.5821e-05 7.74876e-05
97250 0.00016223 2.28604e-05
98500 0.000182665 2.0381e-05
99750 0.000332913 2.79889e-05
101000 0.000479443 3.54084e-05
102250 0.000417011 6.25318e-06
103500 0.000404396 1.10625e-05
104750 0.000334804 5.66046e-05
106000 0.000323456 4.04369e-05
107250 0.000275076 4.64383e-06
108500 0.000140852 2.1036e-05
109750 0.000146394 6.08377e-07
111000 0.000133794 2.56858e-05
112250 0.0001482 5.02048e-05
113500 0.000364933 2.13202e-05
114750 0.000219645 6.93501e-06
116000 0.000206798 3.43842e-05
117250 5.77648e-05 1.51209e-05
118500 3.00193e-05 4.68969e-05
119750 5.56021e-05 2.79052e-05
121000 0.00013119 4.23637e-05
122250 0.000172512 4.01666e-05
123500 0.000118986 4.61111e-05
124750 0.000196225 5.99526e-05
126000 4.55282e-05 5.76464e-05
127250 0.000117503 2.39513e-05
128500 9.20791e-05 3.76044e-05
129750 0.000103148 3.55801e-05
131000 0.00010381 6.41289e-05
132250 0.00026325 9.21379e-05
133500 0.000224947 5.96974e-05
134750 0.00028383 5.75433e-05
136000 0.000371042 6.27818e-05
137250 0.000325518 3.14949e-05
138500 0.000389119 2.24335e-05
139750 0.000365714 2.78454e-05
141000 0.000151236 6.15302e-05
142250 0.000200632 3.13541e-05
143500 0.000214324 2.26096e-05
144750 0.000207055 4.165e-05
146000 0.000158814 3.98164e-05
147250 0.000192886 2.44316e-05
148500 0.00018598 2.27738e-05
149750 5.89898e-05 4.11771e-05
151000 2.6817e-05 3.26921e-07
152250 0.000123054 5.08046e-05
153500 0.000133677 4.8986e-05
154750 0.0001829 1.48867e-05
156000 5.82569e-05 1.86662e-05
157250 0.000107297 3.26077e-05
158500 0.000281746 3.37111e-05
159750 0.000190555 5.98363e-05
161000 0.000125624 4.20776e-05
162250 3.08775e-05 1.84291e-05
163500 0.000141931 3.18396e-05
164750 2.68371e-05 4.50465e-05
166000 3.8331e-05 1.58858e-05
167250 0.000102525 4.09727e-05
168500 0.000236983 5.3818e-05
169750 5.13463e-05 3.7019e-05
171000 0.000125733 4.38574e-05
172250 0.00035579 1.65311e-06
173500 0.000340456 1.68928e-05
174750 0.00025095 1.06064e-05
176000 0.00036726 1.34214e-05
177250 0.000476289 2.38187e-06
178500 0.000421325 1.23616e-05
179750 0.000461702 1.11772e-05
181000 0.000385499 1.5333e-05
182250 0.000370698 7.9033e-06
183500 0.000345199 1.87457e-06
184750 0.000233442 1.15201e-05
186000 0.000375875 5.86704e-05
187250 0.00032415 1.44035e-05
188500 0.000315551 2.90792e-05
189750 0.000322876 6.67078e-06
191000 0.000298692 4.97308e-06
192250 0.00026962 1.64655e-05
193500 0.000318444 1.96972e-06
194750 0.000310158 2.07045e-06
196000 0.000296875 2.45532e-05
197250 0.000400365 1.02817e-05
198500 0.000285926 1.22772e-06
199750 0.000308088 2.73309e-05
